0 0.203125 0.663802453125 0.1992187484375 0.5739476375 0.1474609390625 0.5773171921875 0.150390625 0.59416496875 0.203125 0.663802453125
0 0.8320312515625 0.6166286750000001 0.8398437484375 0.623367784375 0.8828125 0.5784403765625 0.8935546875 0.5391288953125 0.8320312515625 0.544744821875 0.8320312515625 0.6166286750000001
0 0.5673828125 0.6581865265625 0.572265625 0.6705415640625 0.619140625 0.9198886765625 0.609375 0.5537303031249999 0.5341796875 0.5548534875 0.533203125 0.6525706 0.5673828125 0.6581865265625
0 0.9677734390625 0.011231853125 0.927734375 0.05278970468750001 0.927734375 0.34481785625 0.9375 0.42568718906249997 0.9492187484375 0.36278881875 0.9609375 0.34481785625 0.9726562515625 0.221267484375 0.9677734390625 0.011231853125
0 0.208984375 0.3560497078125 0.21875 0.53351296875 0.2578125 0.5402520796875 0.3007812515625 0.5290202296875 0.2880859390625 0.33246281875 0.2412109390625 0.3594192640625 0.208984375 0.3560497078125
0 0.435546875 0.794091934375 0.443359375 0.8075701593750001 0.509765625 0.726700825 0.5029296875 0.5570998578124999 0.427734375 0.5672085234375001 0.435546875 0.794091934375
0 0.1396484390625 0.30101363124999997 0.11035156093750001 0.3167382265625 0.1015625 0.3358323734375 0.1171875 0.5245274875 0.1259765609375 0.5436216375 0.1796875 0.544744821875 0.197265625 0.5402520796875 0.1835937484375 0.32010778125 0.1669921875 0.303260003125 0.1396484390625 0.30101363124999997
0 0.3203125 0.5290202296875 0.34375 0.5357593406250001 0.404296875 0.5267738578125 0.3876953125 0.23137615 0.310546875 0.299890446875 0.3203125 0.5290202296875
0 0.6289062515625 0.51554200625 0.7070312515625 0.5200347484375001 0.6992187484375 0.22351385625 0.6611328125 0.193187853125 0.6220703125 0.181956003125 0.6289062515625 0.51554200625
0 0.767578125 0.9221350484374999 0.767578125 0.8906858609375 0.7851562515625 0.74691815625 0.806640625 0.6885125265625 0.810546875 0.5537303031249999 0.8037109390625 0.5413752656249999 0.7431640609375 0.5436216375 0.7304687484375 0.5537303031249999 0.736328125 0.9872797906249999 0.794921875 0.9940189015625001 0.8085937484375 0.9805406765625 0.8085937484375 0.9603233453125 0.7841796875 0.927750975 0.767578125 0.9221350484374999
0 0.3349609390625 0.5638389687500001 0.326171875 0.5672085234375001 0.3242187484375 0.596411340625 0.3476562515625 0.9738015671875001 0.3544921875 0.9951420843750001 0.3828125 0.9940189015625001 0.3515625 0.9153959374999999 0.4179687484375 0.8322802328125001 0.40625 0.5694548953125 0.3349609390625 0.5638389687500001
0 0.2578125 0.7424254171875 0.2578125 0.7693818609374999 0.2421875 0.8008310453125 0.244140625 0.8367729718750001 0.271484375 0.9445987499999999 0.3017578125 0.9951420843750001 0.328125 0.9940189015625001 0.302734375 0.5739476375 0.2255859390625 0.5705780796875 0.232421875 0.7177153421875 0.2578125 0.7424254171875
0 0.4814453125 0.181956003125 0.412109375 0.2145283734375 0.421875 0.49757104218750003 0.4287109390625 0.5301434140625 0.501953125 0.5290202296875 0.5078125 0.5043101531249999 0.4960937484375 0.20105015 0.494140625 0.18532555781249999 0.4814453125 0.181956003125
0 0.5908203125 0.17072415000000002 0.513671875 0.1763400765625 0.525390625 0.5065565234375 0.5302734390625 0.525650675 0.546875 0.5267738578125 0.6025390609375 0.523404303125 0.609375 0.513295634375 0.599609375 0.18981829687500001 0.5908203125 0.17072415000000002
0 0.830078125 0.49757104218750003 0.8388671875 0.5099260796875 0.859375 0.5088028953125 0.90625 0.4998174140625 0.9013671875 0.0741302234375 0.8242187484375 0.0864852609375 0.830078125 0.49757104218750003
0 0.6337890609375 0.5481143765625001 0.638671875 0.9872797906249999 0.6533203125 0.99738845625 0.697265625 0.996265271875 0.7099609390625 0.9951420843750001 0.7148437484375 0.9827870484375 0.7109375 0.5537303031249999 0.6337890609375 0.5481143765625001
0 0.7304687484375 0.5088028953125 0.8007812515625 0.513295634375 0.8085937484375 0.5043101531249999 0.802734375 0.0954707421875 0.7236328125 0.04043466875 0.7304687484375 0.5088028953125
0 0.201171875 0.666048821875 0.1992187484375 0.5739476375 0.1474609390625 0.5773171921875 0.1523437484375 0.5986577109375 0.201171875 0.666048821875
0 0.8320312515625 0.6166286750000001 0.8398437484375 0.623367784375 0.8789062515625 0.58293311875 0.8935546875 0.5413752656249999 0.8320312515625 0.544744821875 0.8320312515625 0.6166286750000001
0 0.53125 0.6278605265625 0.5742187484375 0.6705415640625 0.5820312515625 0.7491645265625 0.615234375 0.88394675 0.607421875 0.5559766749999999 0.5380859390625 0.5548534875 0.529296875 0.5672085234375001 0.53125 0.6278605265625
0 0.2392578125 0.3594192640625 0.2070312515625 0.3560497078125 0.21875 0.5380057109374999 0.2695312515625 0.5402520796875 0.2958984390625 0.5391288953125 0.3007812515625 0.5290202296875 0.2880859390625 0.33246281875 0.2392578125 0.3594192640625
0 0.9658203125 0.00898548125 0.9257812515625 0.0550360734375 0.9296875 0.4144553375 0.9414062515625 0.43017993125 0.9648437484375 0.331339634375 0.9726562515625 0.22351385625 0.9726562515625 0.021340518750000002 0.9658203125 0.00898548125
0 0.435546875 0.7895991953125 0.4453125 0.8053237875000001 0.509765625 0.7222080828124999 0.5048828125 0.5593462296875 0.427734375 0.5672085234375001 0.435546875 0.7895991953125
0 0.1123046875 0.31449185625 0.1015625 0.3358323734375 0.1171875 0.5312665984375 0.1279296875 0.54586800625 0.193359375 0.544744821875 0.1835937484375 0.31786141093750003 0.1630859390625 0.30101363124999997 0.1396484390625 0.30101363124999997 0.1123046875 0.31449185625
0 0.310546875 0.299890446875 0.3203125 0.5312665984375 0.3515625 0.5357593406250001 0.3955078125 0.534636153125 0.404296875 0.5245274875 0.3876953125 0.23137615 0.310546875 0.299890446875
0 0.4013671875 0.5638389687500001 0.3291015609375 0.566085340625 0.3476562515625 0.978294309375 0.3544921875 0.9951420843750001 0.380859375 0.9940189015625001 0.3515625 0.9131495671875 0.416015625 0.8322802328125001 0.40625 0.571701265625 0.4013671875 0.5638389687500001
0 0.6220703125 0.1842023734375 0.6289062515625 0.51554200625 0.646484375 0.522281115625 0.708984375 0.51554200625 0.705078125 0.25945578125 0.6923828125 0.21340518749999998 0.6220703125 0.1842023734375
0 0.767578125 0.9221350484374999 0.765625 0.9041640843750001 0.7851562515625 0.7446717875 0.806640625 0.68626615625 0.810546875 0.5672085234375001 0.8037109390625 0.5413752656249999 0.7490234390625 0.5436216375 0.732421875 0.5492375609375 0.736328125 0.98503341875 0.7451171875 0.9951420843750001 0.791015625 0.9940189015625001 0.8085937484375 0.9805406765625 0.8085937484375 0.9625697140625 0.7958984390625 0.9389828265625001 0.767578125 0.9221350484374999
0 0.232421875 0.7177153421875 0.259765625 0.7514108984375001 0.2421875 0.825541121875 0.2734375 0.9468451218749999 0.3017578125 0.9951420843750001 0.326171875 0.9940189015625001 0.302734375 0.57619400625 0.2958984390625 0.5683317109375 0.2255859390625 0.5728244499999999 0.232421875 0.7177153421875
0 0.525390625 0.4998174140625 0.5322265609375 0.525650675 0.5546875 0.5267738578125 0.607421875 0.5200347484375001 0.5927734390625 0.17072415000000002 0.515625 0.17409370468750002 0.525390625 0.4998174140625
0 0.4794921875 0.181956003125 0.412109375 0.2145283734375 0.421875 0.4998174140625 0.4287109390625 0.5301434140625 0.501953125 0.5290202296875 0.5078125 0.5088028953125 0.4960937484375 0.20329652187499997 0.4921875 0.18307918750000002 0.4794921875 0.181956003125
0 0.830078125 0.502063784375 0.8632812515625 0.5088028953125 0.90625 0.502063784375 0.8994140609375 0.071883853125 0.8242187484375 0.0864852609375 0.830078125 0.502063784375